21-02-2020 15 18 28 40 45 8 10
28-02-2020 10 20 27 35 36 1 2
28-02-2020 21 26 39 46 47 5 10
06-03-2020 1 14 21 33 49 3 5
13-03-2020 4 16 29 36 45 3 5
20-03-2020 6 20 32 39 43 3 9
27-03-2020 13 19 26 36 42 5 7
03-04-2020 2 9 15 27 41 3 5
17-04-2020 1 6 17 26 23 2 3
24-04-2020 5 20 31 37 41 3 5
01-05-2020 4 7 13 21 36 2 3
08-05-2020 2 7 14 31 39 1 2
22-05-2020 7 15 22 34 36 3 9
29-05-2020 3 7 13 20 29 3 10
05-06-2020 1 14 21 33 49 1 8
12-06-2020 1 14 26 38 45 2 8
19-06-2020 1 13 26 34 41 3 6
26-06-2020 5 6 17 24 42 4 7
03-07-2020 1 12 23 34 45 4 10
17-07-2020 8 19 21 33 45 2 9
24-07-2020 10 21 34 40 42 4 7
28-08-2020 2 16 19 28 41 2 8
04-09-2020 4 12 27 31 45 2 5
11-09-2020 7 19 24 32 45 5 7
02-10-2020 4 15 21 35 42 3 9
13-11-2020 7 13 28 35 41 2 7
27-11-2020 2 11 25 31 47 2 5
04-12-2020 10 19 24 31 38 4 5
11-12-2020 4 6 28 34 35 7 8
11-12-2020 20 37 42 44 47 1 3
11-12-2020 2 11 24 27 40 4 8
05-02-2021 3 13 29 43 46 6 7
05-03-2021 4 11 20 26 39 2 9
28-05-2021 2 13 21 34 39 2 5
11-06-2021 8 20 26 36 42 3 9
18-06-2021 7 10 12 15 38 5 6
16-07-2021 1 4 10 38 44 5 6
30-07-2021 14 17 23 35 39 2 3
07-06-2022 1 4 5 46 49 4 2
21-06-2022 2 9 35 43 48 4 2
03-01-2023 7 13 19 36 45 8 3
28-04-2023 3 4 45 48 49 4 6
02-05-2023 34 42 43 46 47 7 9
05-05-2023 3 20 25 33 49 3 5
12-05-2023 9 34 36 43 49 3 5
17-10-2023 10 16 24 37 46 7 10
31-10-2023 3 15 27 37 42 5 11
30-01-2024 10 14 28 35 40 9 10
20-02-2024 2 14 19 30 41 1 3
22-03-2024 12 21 28 37 43 4 6
05-04-2024 8 11 26 29 45 4 5